%YAML:1.0
face_model: !!opencv-matrix
    rows: 3
    cols: 6
    dt: f
    data: [ -45.096768, -21.312858, 21.312858, 45.096768, -26.299577, 26.299577, -0.483773,0.483773, 0.483773, -0.483773, 68.595035,68.595035, 2.397030, -2.397030, -2.397030, 2.397030, -0.000000, -0.000000]
