%YAML:1.0
face_model: !!opencv-matrix
    rows: 13
    cols: 3
    dt: f
    data: [  0.05832857,  -7.60688782, -15.69785643, -0.10377414,   8.64764404, -22.13105822,  -0.24472262,  23.37460136, -31.45995176,  -0.37655398,  35.09374356, -36.40296197, -12.36220503, 46.71208954, -14.98328161,  -7.14245749,  49.0878067,  -18.29475546, -0.20381828,  50.27907181, -19.5088048,  6.80970144,  49.12047958, -18.35101175,            12.06582785,  46.73353767, -15.02448034,-46.25580263,  -1.64848328,   2.87227488,  -19.0150342,    1.5302906,   -3.10160017, 19.16842031,  1.49678993,  -2.83671331,  46.10241652,  -1.37859726,   3.06603861]

