%YAML:1.0
---
pred: !!opencv-matrix
   rows: 50
   cols: 2
   dt: f
   data: [ 904., 756., 861., 885., 854., 935., 843., 993., 845., 991.,
       635., 1007., 880., 755., 834., 793., 874., 710., 1154., 525.,
       950., 585., 570., 602., 674., 689., 596., 793., 448., 830., 832.,
       917., 596., 982., 746., 938., 447., 701., 588., 819., 582., 893.,
       720., 951., 578., 802., 500., 863., 836., 586., 596., 762., 781.,
       784., 468., 723., 785., 837., 1055., 720., 633., 640., 549., 540.,
       779., 677., 927., 502., 765., 593., 690., 615., 414., 501., 248.,
       394., 156., 292., 290., 575., 525., 438., 495., 694., 847., 833.,
       739., 659., 742., 735., 772., 731., 1038., 639., 965., 481.,
       1212., 360., 1035., 319. ]
gt: !!opencv-matrix
   rows: 50
   cols: 2
   dt: f
   data: [ 1110., 1038., 490., 949., 1530., 251., 1085., 665., 1373.,
       539., 1804., 103., 945., 490., 271., 544., 1098., 595., 720.,
       698., 449., 597., 1783., 1028., 317., 1006., 1395., 860., 145.,
       210., 1157., 1015., 880., 799., 1237., 963., 571., 394., 660.,
       744., 1653., 65., 359., 791., 1395., 631., 15., 565., 1578., 968.,
       1623., 459., 5., 518., 647., 314., 1516., 722., 1535., 102., 812.,
       524., 869., 485., 243., 306., 8., 214., 332., 68., 710., 786.,
       1213., 110., 617., 920., 1573., 984., 878., 271., 1112., 821.,
       1211., 509., 1812., 290., 1184., 88., 1853., 71., 1150., 17.,
       1315., 460., 262., 838., 158., 22., 325., 851. ]
