%YAML:1.0
---
pred: !!opencv-matrix
   rows: 100
   cols: 2
   dt: f
   data: [ 1274., 572., 1291., 509., 1158., 417., 1172., 480., 1289.,
       566., 898., 1238., 374., 249., 717., 993., 1332., 946., 1041.,
       832., 1158., 762., 1126., 180., 216., 1298., 900., 804., 1031.,
       562., 1335., 163., 1241., 172., 606., 524., -73., 312., -144.,
       242., 313., 165., 1063., 260., 1279., 528., 584., 163., 217.,
       835., 709., 767., 1032., 835., 1122., 258., 1058., 473., 175.,
       219., 562., 962., 887., 190., 970., 1198., 322., 301., 1006.,
       696., 964., 799., 1064., 845., 699., 488., 892., 575., 445., 797.,
       68., 1095., 754., 448., 1420., 269., 1255., 588., 406., 1245.,
       1067., 974., -294., 235., 1020., 239., -23., 613., 621., 551.,
       1289., 326., 791., 616., 426., 1467., 30., 178., 1282., 483.,
       736., 934., 304., 228., 1167., 281., 144., 490., 624., 578., 706.,
       1110., 1427., 583., 397., 912., 1282., 387., 624., 874., 1214.,
       746., 391., 163., 941., 333., 430., 473., 707., 660., -140., 129.,
       -497., 838., 1255., 344., 768., 394., 379., 237., 422., 720.,
       679., 368., 1254., 417., 1058., 468., 1186., 370., 137., 667.,
       549., 288., 1085., 315., 1157., 353., 446., 127., -86., 443.,
       421., 137., 611., 487., 1306., 498., 474., 305., 997., 289., 875.,
       215., 586., 205., 1170., 755., 356., 153., -316., 1062., 350.,
       514., 1088., 265., 1496., 269., 396., 261. ]
gt: !!opencv-matrix
   rows: 100
   cols: 2
   dt: f
   data: [ 1743., 959., 1085., 1023., 744., 181., 1062., 623., 1688.,
       812., 1326., 699., 1577., 1062., 1215., 244., 621., 951., 1104.,
       586., 1298., 563., 1593., 14., 1532., 38., 872., 375., 250., 456.,
       147., 185., 575., 144., 1448., 351., 1766., 943., 966., 214., 67.,
       973., 905., 565., 1307., 920., 1409., 249., 1271., 465., 467.,
       162., 669., 980., 1016., 33., 1250., 921., 288., 412., 1257.,
       668., 1318., 864., 1412., 958., 975., 290., 1181., 494., 616.,
       649., 267., 802., 846., 494., 1722., 95., 1455., 586., 672., 962.,
       1340., 973., 14., 308., 1238., 185., 149., 799., 589., 678.,
       1579., 347., 934., 583., 706., 1062., 154., 199., 1676., 530.,
       960., 863., 244., 366., 1469., 279., 93., 637., 737., 406., 751.,
       997., 1851., 766., 465., 690., 1903., 607., 649., 932., 1637.,
       1028., 560., 52., 1123., 658., 386., 557., 849., 742., 0., 10.,
       37., 724., 1696., 418., 35., 1070., 335., 172., 508., 727., 929.,
       311., 1725., 547., 1481., 748., 1626., 562., 232., 975., 262.,
       184., 1867., 426., 1674., 445., 615., 4., 347., 375., 494., 16.,
       732., 390., 1635., 639., 12., 410., 1412., 392., 1009., 53., 704.,
       86., 1432., 857., 346., 58., 92., 819., 434., 466., 1243., 133.,
       1612., 150., 459., 180., 1474., 918., 795., 168., 935., 1039.,
       190., 290. ]
