%YAML:1.0
---
pred: !!opencv-matrix
   rows: 100
   cols: 2
   dt: f
   data: [ 576., 398., 345., 299., 207., 223., 124., 207., 74., 159.,
       363., 506., 586., 516., 525., 733., 450., 607., 270., 364., 162.,
       280., 122., 174., 411., 536., 765., 718., 628., 828., 443., 927.,
       591., 988., 679., 1020., 1000., 698., 1188., 555., 1298., 485.,
       778., 465., 844., 462., 506., 295., 604., 331., 408., 377., 669.,
       274., 742., 396., 905., 319., 686., 528., 411., 522., 929., 313.,
       907., 281., 959., 421., 1192., 483., 822., 721., 1255., 463.,
       756., 460., 710., 389., 678., 357., 685., 519., 836., 388., 501.,
       399., 393., 535., 761., 329., 806., 463., 888., 709., 843., 857.,
       1007., 688., 931., 733., 957., 757., 809., 871., 1121., 523.,
       682., 456., 974., 399., 840., 631., 661., 463., 606., 627., 642.,
       733., 1053., 660., 631., 536., 403., 740., 949., 601., 1235.,
       519., 1193., 591., 1033., 754., 900., 821., 624., 821., 654.,
       734., 736., 723., 953., 693., 925., 769., 643., 784., 593., 704.,
       582., 673., 753., 554., 1044., 480., 669., 719., 604., 745., 722.,
       823., 940., 665., 817., 560., 490., 454., 360., 526., 691., 477.,
       1065., 401., 1121., 416., 1074., 542., 855., 633., 818., 537.,
       857., 754., 670., 726., 424., 662., 508., 722., 585., 765., 610.,
       851., 510., 915., 415., 834., 463., 828., 842., 702. ]
gt: !!opencv-matrix
   rows: 100
   cols: 2
   dt: f
   data: [ 52., 130., 1173., 647., 1231., 377., 614., 828., 620., 260.,
       325., 46., 430., 476., 296., 0., 964., 783., 1625., 786., 579.,
       731., 114., 914., 1094., 623., 1081., 748., 1616., 205., 1614.,
       580., 1647., 507., 140., 1079., 1237., 754., 227., 177., 1006.,
       184., 455., 356., 1253., 23., 1197., 417., 1406., 294., 603.,
       777., 305., 469., 1691., 71., 1085., 245., 1420., 1021., 1770.,
       754., 274., 1017., 1854., 54., 408., 451., 1040., 148., 980.,
       126., 932., 467., 1434., 145., 10., 1071., 434., 449., 1486., 70.,
       1226., 463., 1499., 990., 1015., 1016., 1595., 507., 1190., 605.,
       1373., 864., 894., 827., 1750., 95., 430., 262., 1683., 442.,
       868., 807., 669., 22., 705., 552., 966., 899., 1841., 764., 1.,
       299., 147., 893., 1889., 914., 1909., 364., 1421., 939., 961.,
       755., 723., 896., 134., 1025., 983., 317., 1167., 618., 1719.,
       827., 1185., 821., 242., 682., 893., 248., 854., 214., 1484.,
       855., 1833., 311., 308., 723., 746., 418., 1319., 719., 1477.,
       361., 994., 153., 169., 281., 450., 552., 1438., 538., 1770.,
       277., 1477., 667., 1450., 519., 750., 543., 1007., 156., 1237.,
       931., 411., 423., 155., 600., 778., 773., 890., 537., 892., 679.,
       410., 1039., 344., 459., 840., 315., 1731., 1070., 365., 253.,
       1339., 522., 441., 750., 1642., 343. ]
