%YAML:1.0
---
pred: !!opencv-matrix
   rows: 100
   cols: 2
   dt: f
   data: [ 871., 838., 836., 844., 865., 801., 907., 601., 939., 545.,
       230., 164., 1038., 776., 1274., 218., 1111., 384., 1057., 635.,
       1187., 394., 496., 294., 366., 887., 1402., 557., 257., 383.,
       800., 829., 443., 518., 948., 421., 457., 304., 1325., 449., 587.,
       232., 645., 762., 632., 647., 981., 689., 851., 329., 378., 550.,
       878., 642., 1023., 610., 358., 399., 1129., 477., 656., 335.,
       566., 218., 803., 612., 557., 635., 906., 282., 814., 452., 1410.,
       337., 1146., 634., 192., 407., 100., 493., 955., 647., 1212.,
       407., 566., 255., 1016., 612., 50., 260., 948., 396., 1043., 598.,
       582., 587., 981., 312., 1041., 255., 695., 467., 1116., 310.,
       1230., 259., 604., 277., 1076., 570., 697., 247., 875., 772.,
       777., 699., 897., 272., 571., 223., 754., 330., 767., 309., 784.,
       437., 382., 350., 1190., 263., 1302., 486., 1116., 427., 479.,
       408., 391., 272., 678., 378., 988., 505., 301., 353., 1210., 391.,
       1246., 348., 886., 491., 1139., 376., 1185., 340., 531., 330.,
       557., 394., 552., 479., 1041., 382., 1218., 470., 1144., 616.,
       1064., 525., 652., 450., 963., 593., 1186., 573., 284., 352.,
       593., 584., 491., 577., 595., 366., 957., 469., 637., 271., 835.,
       521., 853., 618., 346., 300., 1001., 389., 673., 432., 1165.,
       470., 740., 520. ]
gt: !!opencv-matrix
   rows: 100
   cols: 2
   dt: f
   data: [ 1275., 1027., 356., 54., 1349., 905., 1912., 40., 1496., 338.,
       1342., 644., 1617., 396., 413., 238., 266., 1007., 1901., 713.,
       258., 259., 912., 939., 377., 646., 1187., 442., 531., 224.,
       1772., 479., 651., 200., 653., 913., 497., 885., 1193., 785.,
       983., 247., 110., 672., 995., 875., 1270., 901., 202., 523.,
       1486., 572., 62., 470., 431., 79., 757., 898., 154., 1048., 1002.,
       238., 919., 446., 1878., 132., 1479., 927., 169., 384., 272.,
       544., 1111., 982., 1576., 426., 649., 199., 1319., 963., 2., 165.,
       1055., 425., 1236., 886., 376., 905., 1056., 410., 1233., 131.,
       408., 705., 1409., 238., 1677., 8., 565., 159., 1464., 950., 823.,
       175., 964., 1072., 713., 1014., 1023., 232., 417., 65., 869.,
       273., 962., 185., 911., 379., 130., 400., 1741., 36., 1851., 822.,
       1341., 492., 212., 730., 132., 298., 769., 276., 1360., 745.,
       203., 404., 1689., 436., 1890., 312., 1028., 620., 1689., 449.,
       1733., 252., 35., 356., 23., 877., 388., 1036., 1145., 439.,
       1738., 806., 1403., 991., 1409., 815., 681., 498., 1211., 841.,
       1595., 694., 397., 284., 410., 968., 108., 950., 628., 358.,
       1160., 553., 610., 107., 909., 625., 976., 818., 221., 202.,
       1489., 280., 640., 493., 1863., 849., 588., 864., 260., 472.,
       617., 47., 1166., 174., 1172., 369. ]
