%YAML:1.0
camera_matrix: !!opencv-matrix
   rows: 3
   cols: 3
   dt: f
   data: [733.643953, 0.000000, 329.182395, 0.000000, 733.393375, 254.787953, 0.000000, 0.000000, 1.000000]
dist_coeffs: !!opencv-matrix
   rows: 1
   cols: 5
   dt: f
   data: [0.252318, -0.902271, 0.000197, -0.002204, 1.324171]
