%YAML:1.0
---
person_model: !!opencv-matrix
   rows: 3
   cols: 2
   dt: f
   data: [ 1.47839129e+00, 6.45130217e-01, 4.98359883e-03,
       -9.70819667e-02, -2.46712908e-01, 2.10709140e-01 ]
